    10364
    10665
    10698
    10864
    10879
    10922
    10936
    10984
    11016
    11025
    11203
    11270
    11344
    11603
    11801
    11919
    11956
    12685
    13114
    13872
    13906
    13916
    14187
    14333
    14591
    14977
    15131
    15247
    15252
    15540
    15552
    15608
    15681
    15736
    15908
    16321
    16426
    16439
    16445
    16449
    16569
    16688
    16691
    17028
    17154
    17285
    17407
    17577
    17685
    17800
    17813
    18138
    18142
    18195
    18227
    18441
    18505
    18586
    18682
    18929
    18956
    18967
    19456
    19557
    19585
    19586
    19678
    19712
    19962
    20161
    20208
    20306
    20309
    20360
    20500
    20522
    20523
    20587
    20730
    20732
    20900
    20941
    20987
    21040
    21098
    21133
    21230
    21458
    21483
    21490
    21509
    21538
    21539
    21548
    21551
    21571
    21595
    21774
    21834
    21923
    21963
    21972
    22240
    22321
    22410
    22494
    22526
    22603
    22657
    22686
    22858
    22927
    22932
    22984
    23015
    23020
    23022
    23024
    23086
    23162
    23376
    23400
    23436
    23455
    23578
    23788
    23879
    23923
    23944
    24005
    24079
    24082
    24090
    24148
    24180
    24210
    24302
    24320
    24341
    24477
    24559
    24653
    24690
    24704
    24717
    24792
    24796
    24801
    24811
    24856
    24964
    24966
    24972
    24982
    25122
    25270
    25320
    25345
    25382
    25410
    25435
    25480
    25483
    25484
    25492
    25526
    25556
    25612
    25769
    25828
    25830
    25842
    25949
    25993
    26045
    26046
    26066
    26294
    26436
    26439
    26558
    26828
    26998
    27037
    27165
    27170
    27182
    27224
    27378
    27417
    27683
    27742
    27763
    27768
    27893
    27947
    28075
    28097
    28231
    28309
    28342
    28360
    28368
    28479
    28480
    28493
    28564
    28640
    28698
    28725
    28730
    28737
    28880
    28917
    29023
    29058
    29130
    29221
    29301
    29532
    29582
    29583
    29604
    29605
    29642
    29848
    29891
    29892
    29893
    29913
    30040
    30080
    30085
    30122
    30298
    30384
    30444
    30453
    30468
    30555
    30637
    30748
    30763
    30804
    30809
    31017
    31052
    31234
    31244
    31376
    31392
    31411
    31435
    31522
    31579
    31598
    31611
    32135
    32458
    32483
    32572
    32648
    32689
    32722
    32905
    32912
    33060
    33107
    33139
    33174
    33193
    33218
    33258
    33330
    33341
    33415
    33416
    33417
    33419
    33420
    33421
    33422
    33423
    33425
    33498
    33517
    33706
    33857
    33869
    33874
    33947
    33949
    33977
    34014
    34027
    34161
    34169
    34278
    34401
    34404
    34407
    34440
    34592
    34738
    34804
    34821
    34962
    34991
    35058
    35350
    35440
    35453
    35590
    35591
    35690
    35716
    35741
    35862
    36085
    36103
    36165
    36657
    36677
    36740
    36780
    37298
    37334
    37336
    37546
    37812
    37873
    37893
    37907
    38079
    38129
    40730
    40977
    41002
    41042
    41112
    41174
    41271
    41286
    41299
    41304
    41321
    41360
    41366
    41844
    42302
    42527
    42603
    42850
    42868
    42928
    42942
    42959
    43043
    43078
    43291
    43338
    43414
    43421
    43510
    43804
    43818
    43851
    43888
    43936
    43964
    44013
    44058
    44069
    44077
    44296
    44342
    44735
    45286
    45354
    45383
    45459
    45487
    45593
    46044
    46388
    46667
    46716
    46960
    47513
    47586
    47886
    47892
    48402
    48431
    48441
    48450
    48488
    48492
    48523
    48525
    48547
    48569
    48596
    48600
    48797
    48869
    49389
    49406
    49413
    49749
    49818
    49835
    50506
    50518
    50525
    50635
    50751
    50901
    50969
    52572
    52724
    52725
    53596
    53780
    53793
    53975
    53991
    53996
    54000
    54036
    54130
    54139
    54146
    54236
    54250
    55015
    55025
    55044
    55059
    55116
    55146
    55158
    55213
    55214
    55345
    55411
    55443
    55465
    55501
    55503
    55511
    55765
    55827
    55889
    56012
    56063
    56128
    56129
    56248
    56334
    56343
    56359
    56360
    56407
    56477
    56479
    56493
    56502
    56504
    56506
    56511
    56514
    56576
    56589
    56597
    56813
    56823
    57021
    57077
    57248
    57536
    57721
    57861
    58188
    58200
    58368
    58467
    58574
    58583
    58584
    58636
    58702
    59185
    59440
    59469
    59502
    59562
    59914
    60047
    60294
    60401
    60524
    60646
    60699
    60769
    60908
    61024
    61065
    61138
    62336
    62423
    62500
    62799
    62813
    62955
    63075
    63318
    63375
    63555
    63628
    63812
    63910
    63922
    64273
    64421
    64568
    65368
    66209
    66252
    66256
    66278
    66983
    67259
    67468
    67577
    67763
    67846
    68139
    68325
    68410
    68562
    68670
    68841
    68932
    69133
    69196
    69545
    69684
    69899
    70086
    70193
    70434
    70444
    70449
    70611
    70863
    71307
    71325
    71364
    71929
    72054
    72353
    72910
    73767
    74117
    74294
    75000
    75538
    75703
    75886
    75896
    75917
    76016
    76510
    76635
    76647
    76670
    76674
    77032
    77840
    79113
    79855
    80710
    81339
    82028
    82032
    82275
    82588
    83696
    84501
    84769
    85128
    85331
    85355
    85548
    89751

